              precision    recall  f1-score   support

       akiec     0.2807    0.5000    0.3596        32
         bcc     0.4615    0.3462    0.3956        52
         bkl     0.4444    0.3636    0.4000       110
          df     0.1406    0.8182    0.2400        11
         mel     0.3730    0.4196    0.3950       112
          nv     0.9271    0.7392    0.8226       671
        vasc     0.1209    0.7857    0.2095        14

    accuracy                         0.6357      1002
   macro avg     0.3926    0.5675    0.4032      1002
weighted avg     0.7475    0.6357    0.6765      1002
